3.3984142456168853	0.5002684451403899
1.3642987696483875	8.289900272920065
6.170889173867579	7.918719913901899
2.514186408696537	3.3014762879253867
6.162303127696099	1.1255348016389473
4.042146882692725	7.393141174010854
8.94557289158519	5.716746159895657
4.88764241648355	5.9825290671932665
6.7029168048003225	2.6809783830700127
8.29758732106735	6.6939107968235465
4.312944713383958	7.642219427238742
1.6030445685286023	3.9071064992322153
4.020879760962248	2.466161631887101
1.6451636446604	8.336811844848027
7.739084933886886	7.277144402685627
8.293902981639215	3.7991090210216747
2.4340417184072853	6.889263018242719
6.536258950080733	1.534749473543311
1.3371440628842173	9.464333509404955
6.500421830448269	3.950546249338563
10.846778004051501	7.475189529229974
0.4946838342713575	6.924680506457587
3.320182040368195	7.3270083467366485
2.817324255942518	0.9782349846566221
7.361643088299661	6.630371170987134
7.9628515702044425	7.003979554458526
7.172288915897809	5.916584009688936
2.9403788459610936	9.076683422909769
7.0623708746782015	5.5961206673625785
3.6030911280422644	7.833982468892576
7.606593915322719	4.214067643311052
5.015414781572895	5.894096740198122
6.575046170912408	7.396275388956129
8.256542550352584	5.516570759337149
2.2808753274991096	2.971477690213227
2.223505350458146	8.626605546812566
4.862301666375707	5.007799802853063
1.1313639916893008	3.068913993175759
5.844163915010997	1.5080333136013846
6.653034375976122	4.791531753510879
7.209978293134014	1.8239224254638238
1.660419295547798	2.460818634669785
2.885832599411682	1.659627408839992
0.9610861074921979	1.5981779120357953
2.2837263028706687	7.338785053604529
9.113869194628611	4.055619730327726
3.852008280931878	4.713452384441485
6.193922461436035	3.4653676573736156
8.68269305792593	2.7345310974232353
1.589218249992431	2.8897725375613676
8.758679670803488	6.2639780911471306
8.774967790964718	4.9917782483998625
-0.08521175281589632	1.8135966500836025
3.2915332079971336	1.8940265643611587
1.1023646806946354	2.6387171959890794
1.5034847841163257	2.6061073315431598
3.0186926536654477	6.392313312975268
1.3271533461096903	7.411480019081576
2.2844936940196177	2.971471481189862
6.725208475470956	2.6859224966363557
8.48781258876065	5.7317601227836565
1.2970040806184744	7.795980447984158
1.6588080229010234	3.047709702128381
5.712810830084295	5.368071112364035
7.087606798181726	6.886756545695466
5.233470201640694	3.0933037528661975
7.025538034848547	1.6748212956030317
-0.11666470840584087	7.99551216912088
3.252364719921249	0.6758965522699387
4.254354965979031	3.6731053073011255
2.417442483114347	7.173027188900383
2.4043297368321688	1.1570909585973295
-0.4424782901735744	1.8899665168549848
0.7203318547062723	9.417891047769631
9.029251067264973	4.653078699541185
0.7669015253501476	2.1078176757889437
8.755173753595978	4.909653843832331
1.079063549055455	0.14563333438757625
0.2747729856562045	7.937426742727592
7.9553668051142825	4.498153182070875
10.807121631642335	3.86155035744284
1.2450262642020373	7.079991183059277
9.856762538282064	3.1298745794792127
7.3993754248876265	8.79198368211857
1.27302971880402	0.8301487875849145
4.073357693281427	1.451310725423931
1.3268367833626575	9.176306042079824
3.591733969662151	6.085801230506901
5.2675254867603405	3.7060363311232116
7.019346510354733	7.913546134200412
2.970373653342511	1.8336357648629429
2.988057870135043	8.249679152741523
3.305967792175588	0.4993069416226592
0.3577693043146407	8.308940812430105
6.526671056732286	11.177650886802875
4.7747931107953985	6.723677143500179
3.344187621266974	7.414180815129642
2.689199908829859	4.424498722618297
6.900164004885726	8.032629820743514
2.366991062585873	9.563595428690455
11.01346663291122	4.562334849409849
6.936317159637237	4.347303241906976
7.343289660056342	3.3989433225002963
11.078642639379908	9.379405062829525
0.5769740986090763	7.553125599456715
3.546769329787848	7.867198433605196
-0.020365617339262454	3.9741495277281946
10.059016138360246	10.129862094078169
2.946149320473755	8.093950821696637
2.883333988268128	1.4883583829262848
7.553159195875491	5.142752815860309
4.011626281079101	2.6053904960601053
8.806995272133989	8.39799512177661
2.850657485257837	5.475094396251157
3.9465940013265675	3.802926594173103
4.303237131918457	6.895961100328735
8.397527613367144	5.514208693713426
6.4371839983479955	6.765406380342728
1.383948340275314	8.322072369808463
8.026179014625734	4.650977242396385
8.951981052114723	6.953874845854331
2.31661587016381	9.114345933451938
1.715172478279678	7.024264864928027
8.430407242848958	6.70905297880512
1.562934902204658	3.0305457316725892
2.8241768708912813	6.64359559435551
2.781547770923334	1.7196146628399762
-0.9721043099096593	2.6018770872544477
2.2848234534337184	1.27885638600918
10.655446219474388	3.6839141503409314
3.3559159708546726	3.3342519786320137
1.6485956393674626	9.677372808898594
2.808434003327233	0.8334589078323756
0.6624707758205789	7.8425546570553175
8.130954100323608	1.4405604593334886
8.588117274531019	3.0668672280035025
8.091389914865248	6.320105012120278
2.915937143796354	0.817511304841092
1.0394695164086998	8.545503630526547
3.169591899812195	4.38502535899124
-0.2670831463571255	7.3984756102138025
2.954027932045611	0.9006920534163305
1.6092931292736512	1.9372216163508036
7.278134802581486	6.618168042142152
7.286129649323247	8.053185741383079
10.577599823401421	6.715960660063855
2.6401532461771184	1.493084384139955
7.619228175735618	6.921847867792322
6.1707623874789705	3.398843050041147
4.660334863422677	5.411418777115431
5.366432793924103	5.943820629250385
8.486265439087298	5.549470498787827
4.823949937405592	4.449020230875322
4.556774900208634	4.56297721084738
3.9764786538212586	1.2937920579229056
2.6200419082006694	3.3222909969564856
2.5926561842907097	1.6491962163668101
7.482535692950394	7.189877555661671
2.159130444839593	7.348320537201523
1.3937987642993102	1.126924982651383
2.603484587397932	0.5879237870713663
2.730471568128135	0.9087820717809028
1.309116332046452	8.792999071691534
5.5258913680246184	2.2932483859336688
9.49908837066432	2.774268381783619
7.451287846588233	5.86583712579958
1.938729185838601	2.8688589172034167
1.9044169108345523	7.994402251034446
1.339525873541757	1.2807197955550444
1.8050423514891265	1.4373947424643978
3.3164880072843577	1.4246295521014327
8.334600807851517	7.356913005548917
1.4805654571950189	1.467796801363193
7.288878903342233	2.8646516499453245
1.1604140719521203	0.7389208928909561
1.2926883604388562	6.859374730644152
3.2372596457777703	4.3330292087401965
5.962596700713647	7.235476861806854
9.189775905930835	4.239659253578432
3.039453374162549	7.547772601051349
6.871430030607527	3.513069266071178
4.698849923255548	5.976603591337297
8.092865516345887	6.165626613480026
1.6255602950399468	6.561685224784584
5.541136301141439	4.662606692869776
7.57619462238753	6.3600134288146535
2.0211973272420267	8.418413924855635
6.095878146884077	4.8674625509145075
2.193829202589759	5.145469186644156
8.745290462616332	2.9841045022190116
7.163795844238329	2.819856894308993
1.9065166968325213	3.114377514420151
11.842477723359103	5.22788385347991
7.712233412276458	7.92186185486369
2.408946737589458	1.6596988835256232
3.2386783189350217	1.9653636335281428
8.83889288592064	4.943587911963045
9.098365625108839	5.7617451603511896
3.306997460579308	10.288034417525626
7.9751067718558	4.987683981850733
0.839311696209497	7.7339496003152775
2.233168906365891	6.0267764141392615
2.7162221378617706	9.385448307177203
2.1438971391681125	7.8217149561320625
1.5042337168362927	9.805016799522736
6.084492387899139	2.490550462600864
8.769859907068277	6.9715592631485634
0.11337947164943463	0.2399545087702365
8.6665809571491	6.913153905864517
8.133326855357536	5.938168863596227
1.8490848983738004	8.37880479332264
2.199080427440297	6.124203990618666
3.092169478008304	0.525436605394646
2.3676057234707035	1.3876933863667804
1.1524066927020027	6.593197435240599
1.4537738599180028	8.245065210471122
2.4117959446011485	8.390704310423533
1.2715110398606286	2.528651769368005
7.679896294088657	6.511069685485521
1.403951954208955	3.3072799197444835
8.865645758738928	5.9122729188952325
7.027830132379364	6.4165533301299345
9.224758379600166	4.6633816955731735
7.496287791709751	4.522514545511373
1.6703872296153042	5.376396438736912
2.8285584576837075	8.239211964408689
2.54370698538143	1.4799356840297528
6.387164134198225	5.62030602774726
2.0606254526519594	7.47989528770844
4.1473628629730115	1.4436471816413987
2.991313226158021	8.375759717685577
2.7944856426379956	-0.2899348751487568
0.3797786371732412	8.716939256895106
0.8126155714484513	2.199206434442063
1.4076360123023473	7.768547412918614
3.4672338065873727	0.9331567245061059
9.610278254894375	4.362830337105066
6.5643681759044625	4.038796647853241
9.062150602427872	4.558104424420645
1.9120880790954535	8.365108924417159
2.2985556922185606	9.443409279664113
2.7219805114123155	2.477550079041838
3.4040536489072455	4.2419571783511305
3.6845332140557807	9.00098526787949
6.0822993003640775	6.650910309534983
1.0524416139600397	1.0346426036401886
5.789210513978686	5.6994850191027115
6.924236206195934	4.1426485191012095
10.24822540037086	4.304919653636219
3.06756256782975	10.516289128377139
8.74225336315215	4.508453780972083
9.172882244415888	3.779222443011552
7.164222655846581	1.064447042165146
2.375683083675119	3.226795001228412
1.1059827102060402	9.248272666259881
2.3924041931930837	7.776222209185871
8.293866435964187	6.558462305750677
0.9833128441553842	1.9092393903853566
5.28776637596307	6.6350597765680135
7.789508488816544	4.419818579890334
10.182384803875168	6.566245704085981
0.5590835738814146	7.508422160842184
5.187741425174504	3.5418912162692995
7.483007645268376	7.209396611186393
5.564529707584482	5.559083851238135
0.7994680565177716	2.8048863466489933
1.1829255268122054	-0.5490243314924825
1.3953050484125358	8.206497388920894
4.671241171781372	6.861872788502071
1.9000866114220163	0.9451227790721319
6.042869268661938	3.601940034265041
6.350990363839765	5.17078308507343
3.993854349821821	1.9834595862463178
5.916446861101936	3.0842125192120484
1.5730691853183318	8.465721699644476
1.8388918082758123	9.1520919037079
1.29679841382501	1.1985954412897355
1.354368029343893	2.0367057900876437
9.466323803597888	3.2140339490823226
7.2920994290413415	7.504699811211475
1.5150455195856742	1.2436039885366008
1.8851923964284276	1.951225196784835
3.140982777934769	2.6320093969569647
7.209597853449157	9.175098330180894
1.8639094321720628	0.7867490531684975
8.495569167261332	4.628501685131912
10.92005351634568	2.382886291308957
2.388724782446063	3.8034794070488145
6.56199594086708	1.3144694594978423
1.2651689804441022	2.4319561761204627
1.923766933031987	1.9070979672169015
8.904839081549941	-0.3159873586822737
4.379083478405455	1.1973967539538428
2.1741777588712856	0.9191907117135399
2.5589403097589636	4.002543207349261
5.480065119031735	5.661752853768149
8.425673509734011	6.1955107296058785
7.636912527470648	3.6387596462029
1.0163205000422126	1.228468502397654
1.5655639719572865	7.664234781598256
3.2329502903670457	2.097671704947061
1.2102604371010894	7.720713119789359
2.7794663049560073	3.9770461651636415
1.6075061029208508	3.1117902202254992
2.284873393997709	2.628543278399639
7.784375162815328	3.2449923642308542
3.2118509638815995	2.2225874234519245
2.067483610270957	2.7790108582234296
7.246307849486683	5.824855585190618
6.098107233988137	3.5673151912943304
6.576501950028448	3.0105692978691065
0.5233516364785201	7.728016092918892
8.97179119406067	8.534051887082153
5.5129137140936235	6.0017314673470645
1.8526491427042522	7.634443324315626
0.4953388952584811	8.270039798672915
1.306130112397255	0.7369053549593794
3.111312015728254	1.8244754511439014
5.347241274848833	3.4391263371432834
3.326601374971832	1.9307169155075825
8.45984336018683	6.4898200340609336
10.506920576527934	9.682526362093654
6.503278003163148	8.068792708330982
2.5610358463063907	2.5939347722784234
1.3733568569509624	2.5601016184296546
2.265316587172773	2.5376031528663434
1.7619484880865803	6.552266032972268
2.1380529591213975	8.602980609992743
1.6596324907478253	3.4698766039665587
7.981367525901079	2.454101989904788
1.6547751263470611	2.221148308157581
2.7283797224580457	7.519589516160497
5.685885803068493	-0.38661888317783055
1.9251953017242118	9.19976780917876
3.7427827256501423	4.254342154623818
5.2263202846138945	1.7198080884550693
3.2549368269728918	6.506587669276392
8.481530275200752	7.122677725957724
4.738783511897027	3.070948119988307
2.284624443084885	9.454069883739612
10.121523330841713	7.804299730390344
8.487411074705843	4.318227591774715
8.026892429834952	3.897415865382956
2.2285416006168863	1.4702195944151688
3.070414629675553	8.837943152790622
10.51693408984789	2.7649484677268035
2.7448907920839334	8.245588554377022
2.1905190448162397	5.519838101056629
1.0896981652147515	6.97849605524339
8.935602927234115	9.89503199332477
7.115845046442594	4.353693796307995
6.6565838227192184	5.066958161188904
6.76390114561393	-0.23243480996549493
2.225089756884177	8.615142926190721
2.3661881363832347	1.27455589102085
6.023626259566672	2.9376287979674878
1.920750359860702	9.27174731927675
2.888071653830972	9.623666980004
1.2626866782494817	2.7894216132029603
2.9817790670135547	0.27395903856364645
1.5144479679797207	2.9481899305561443
0.4557125250661001	7.053723526996634
7.882737821435132	1.596712749655345
6.498806154850723	3.0632197506855032
4.161924310567524	6.383734512602201
3.081899622085243	4.925822372373251
6.491815158289638	5.7543457111281455
6.464388971862842	5.7466703233478
1.5707289720627882	7.707936036564286
8.310748713723681	5.073347168768042
1.9971010332998702	8.53690742607786
9.94019056324799	3.4744152987442725
1.0780012239042154	2.090929348514382
1.9279350314870023	3.2268461520710314
9.236513533050651	5.500177975531832
8.395010354024715	7.16103684577964
2.2826508069010885	2.9257417940535784
7.9961699125936745	2.6229111167473707
3.7578600158525943	3.3358037533220433
2.6151302888675043	2.0395184017742842
3.036570036485503	10.04430818941505
1.021736130476155	7.815267515906619
9.767903306763795	8.135443783153148
1.690072862193765	9.815880428496115
2.56206513942647	7.63241690551288
5.040296609843188	4.0035946259135295
7.455970332622332	6.418403030864991
1.1043374424938062	7.207319121850457
2.5458132427680997	0.8778037278684827
4.245791019274075	7.2333204063413135
1.1293238279665678	3.3255312368426337
6.2591455148641515	6.722185110371449
1.2788863406652022	3.877806946803603
3.2570709556405064	0.8396186847426085
7.868862546173253	4.378531589558904
0.8878099310154914	8.431160047440306
5.501213972358782	4.420953126190668
6.310559068611827	5.662917221580503
9.089777188542831	5.267853994744041
1.035385373875999	8.252292224898309
6.22342742649859	3.9433339617445142
2.8603732547960647	6.6596910163130705
2.4700080999234864	3.0042125166593516
5.915633433635904	5.871981356006297
1.4939123744123024	8.887744610368948
3.079656064617544	2.616448452507993
2.582750344473939	8.207157961124432
1.6750852797046467	8.709140129393688
4.135688538573456	8.494039286813218
3.3091988841637283	4.740592524557266
10.512807633867794	3.9399486720910435
4.876315186798951	6.4400781417266355
2.2455529608938845	9.260800291297091
7.389123087290782	6.080886905997066
10.790922662620286	6.116288017651213
-0.3608797826579138	6.594527066792488
2.292903058172291	7.8307117434019125
1.006393053334005	8.950717677853316
10.65005455455104	5.6793260092575695
3.004220812712001	2.1346121735759613
2.8656335443452505	1.852094255170851
8.313863032322695	6.731588900104025
0.8155132881096133	1.894572247350626
7.735582553918446	4.6003183302091575
10.417540873766885	3.4771396004086204
2.440941309085927	7.3119542731601905
7.5005433798111385	5.8257704158425465
9.909304778086627	1.5963689650919322
0.6733017315527847	8.035773230695057
6.354793785460943	5.134451869423947
1.135200869664574	8.722740491549146
3.1637667195172705	9.713182213809795
1.536140843014436	9.776402205819599
5.508064887577464	5.876012050652925
2.5738081253589895	5.798893119269609
6.681564443488201	7.375122503204582
0.5057696741889093	1.874059303265603
1.0276382884768536	1.780995591818611
9.436365106355783	5.609552270212754
6.238112297867298	3.5251443776657334
6.753176806092886	0.5153028115271396
8.883031794081868	3.8065959833480028
3.082434031121166	8.77988365821741
2.163540226208619	8.211140942415787
3.7101468286967023	2.260101385353211
1.6622588832154117	7.2880803074017315
3.557601233040965	7.9423861302402425
2.5820456557609677	1.834271494316225
2.127579675237402	8.463942012168493
7.766587070481437	6.437999185384844
9.561979269062721	7.107186148642349
8.955547208465797	6.3774153050721605
2.672039745475312	1.1971439902864964
7.231653903742473	2.4207874897643933
2.2296062132348444	8.117700578804875
3.01682392977023	2.5960247658076736
4.278752491586358	2.0026695152136327
1.7636678161895873	7.753519266415836
3.300021023326685	6.227064267740376
2.120249473798576	1.0005980657006877
3.194589979471951	2.900396698906804
10.243608593113947	4.048486963302973
2.1062680407025534	9.629829137030903
7.824485974057266	5.283828134163211
4.4589053498494176	2.074485530483658
5.743028119471294	6.053876261518315
4.564762270116468	7.575876961152542
1.289954175445414	6.456581631870449
2.2953154868923202	6.619854030759216
5.441925224010065	5.6336868736195145
8.01818249732969	3.1018573539413135
2.148404460563183	2.2599640896494897
2.775523098841947	8.551912739401375
5.0624646201489965	2.153400870173245
8.155390844628112	7.451346736967961
10.492195671191746	7.108472037834485
5.045818722518199	2.047115361429002
6.547465252879875	5.1714742939248115
2.642006142373437	7.746518988216531
9.128825887192662	4.868118776102689
1.3214076501350858	9.346342477100343
6.406228785836483	0.7169808326568394
2.159440548021261	1.581486575518545
1.2965867648166671	8.625380552040548
1.2815008833502306	8.30961045351642
1.2226692383128854	0.5139719818566666
2.7244255843288196	2.5231945928122013
3.1049769526197513	8.536778282765262
2.7934788866214344	8.27458359740903
6.5217633689826435	3.1493212536054243
6.110145056241584	6.380883746771796
0.6387206845032323	1.8750954447306962
1.543086748452459	2.4581272947897377
5.317845995085561	3.325403975704013
4.230766442397664	1.5276069439755582
9.258693377388338	4.718572071944499
6.086347258691388	7.386171635789751
0.7034934209172733	7.892524032767479
11.137971949273687	5.8866581607564825
0.5581473520976521	2.519296897162687
7.703856847402967	5.9047587438310325
5.023351460851724	5.706561293415148
1.4345158227608203	9.268963578304163
6.797268327035947	3.808408769515099
6.613537893475801	5.642139855034769
1.1154191452440725	7.757017841552486
2.82412421875301	3.0395938248599856
7.460534849626947	7.082489224506602
6.820372311634837	4.713406118122437
3.9223651795030423	3.817991106362353
10.93337553703287	1.2427859876889924
0.8640093518427594	8.762188427542709
6.165163384445924	5.768974259304813
8.402831590168818	4.49217797809478
2.33701545999844	10.507907866130456
2.0090116732374437	8.782112327587248
2.1341608859415704	6.877615457574102
3.0608636624246643	2.3659196679993295
1.981735107884937	6.785281514371844
1.871182359229554	2.2295259185260408
2.01168298716158	8.491834438742243
2.086101125532008	7.094361366649782
8.449900882067082	6.331731188084238
0.13409251356854085	8.703507683726565
1.8747675188591628	3.698674523694531
2.0364483368155986	1.989004310916716
5.228773840443309	7.365598962170308
3.7768501228401066	3.4781818110248937
5.463300494002057	4.033291655701968
4.974417346487828	4.656774197160668
1.8018464089676722	7.789811740148834
6.596920106495725	0.48664765335214966
3.033106855792598	9.467722421984668
7.6717145418954225	4.545729478654738
8.832417811340955	6.034187963328442
5.0234922780068025	3.3881812352650043
2.7236996178477613	8.725680897351165
4.232658529201324	4.999004942804431
1.2447918550164216	7.098631512057611
7.4164765250657885	5.814206432202207
0.8574760344108251	8.667590852526567
6.343170088428582	4.489954808352644
7.134516593513287	5.969293641242503
2.4525310451024347	8.527416560016457
1.753613878321032	6.526652386442311
6.589931332603134	7.627019143718736
4.73769503028331	8.190643992378892
0.34628861811903944	8.475067444787317
2.3226897738938606	4.197856156555828
6.452903878736443	5.10297942270138
6.992359931125904	4.023969565265848
8.89884241076692	7.3364044203764935
1.7794499989383223	8.215586931070543
6.83743867513796	3.3034723246010382
2.5109402004967194	2.379294801717163
0.8463679592917701	3.8010062260380946
1.2108870818837645	1.6701395543769175
5.451805483475688	5.6150278914900085
8.358233443963826	4.959805451718561
3.1695312052672975	3.2941530966598034
8.78401118696712	5.359930175149086
2.754017492098973	1.6387591459026971
8.76107553093911	2.997613312495535
9.077038720924795	6.6748595390001135
1.7636935393043742	7.341047252176594
7.368281472159652	0.3363157085754104
8.988130271488561	7.422451154527535
2.5063790080776336	8.495064347054795
2.089069132453634	6.310366489087347
3.0964658165706256	3.4722337459977637
8.842311613446926	7.526525604156782
6.420402267664827	7.533467377997045
4.898469894448592	6.789589230080861
1.4509622845058807	8.916008259180565
1.421865072456573	6.756942259779894
2.7497091161962	2.855678416421231
2.652012496994101	1.637960614635698
8.568362941775295	5.960374319854704
7.824113239151106	6.396549254409161
5.638547481699982	6.481233111199232
8.174219738422915	7.097942887846457
3.751665452784728	7.721672425113223
6.906741829224876	6.321736195298334
1.0322027113142371	9.573592341983364
6.247441610677827	5.701938346359872
9.052037924626426	6.720878703737691
6.241448499913762	4.50783235682161
7.590305735105125	5.330419995425002
2.985319125090733	1.826399384938707
2.302087158272027	7.013264108486856
2.427456054516318	9.345855790969978
3.096530192554901	6.771102291570903
8.811276178783102	5.347296805740798
7.7294710150004065	4.843286429183053
6.72854305626562	5.512808851247285
5.0965650447585595	3.5676656473511152
4.027760210531321	9.874230184899698
2.714390726628772	5.530060913875097
7.76621491265808	5.162207329525127
7.125690681150703	6.8856643966038575
3.0362305485639474	5.944112418257226
5.774342185430584	8.529501122650233
2.4535719028487035	3.1637203806978667
-0.0583993031463273	2.6080226886880933
2.099953471677927	3.1558086602892983
9.395736610372381	4.572051313294764
2.8745904343072626	0.7354247796203811
3.434988604914442	7.284430898417379
3.2884718480687503	1.52491531468966
6.7554102605310025	9.707512988670029
6.407852838504926	4.694394725077783
4.131273420839135	6.515912676392689
3.1987918187677074	0.568233240033643
5.1144136919522785	5.083168671456532
9.591725832520899	2.9149307936277893
3.400359208533036	6.849428407925028
2.227432864119993	9.834584415541165
2.838862087198206	9.708094248958666
7.774470160097621	3.3887264988104118
4.5283072984186425	5.69967201192561
7.420798426764117	6.539666492821508
1.805991015808142	2.0838766128221202
9.222726072874059	1.5988855181704698
8.255566622194372	4.937161827603672
0.347494073780715	9.165705490151822
4.698922022711093	4.718217584944401
9.423759232963874	5.45974722246711
0.2425937959318264	4.580889908653911
8.536266301341534	7.121753164977449
9.225275034589535	6.073433555269054
6.25962610666263	3.970548325455017
2.1624162143879015	8.569228960014753
1.808014639481138	9.22901887279665
2.902832559419391	9.051304384952646
2.721639958160367	2.0968385240368095
1.7971414975680604	8.09661939184943
5.780185342503392	1.8325392497895572
6.27072808683645	5.149464047131177
2.732016730371953	3.1022282313314067
10.60805545876362	8.550602346534653
5.495161088080042	5.506600940570159
7.807585365481151	5.334380079667814
3.5392203482145406	3.606698078190224
0.8985328331174897	2.224819943785322
8.359914286815414	4.624092480441692
2.303392470951449	9.368176156764624
6.629725875160039	5.9015445845254
2.0550771101097207	9.11382121932623
7.95232695386907	3.4696134805429857
3.4629303771858577	1.5026609248236698
1.352433858605648	8.375970608917704
7.01833056360379	2.633035988601482
1.6819870943711845	0.32448034151909416
1.562792463017244	2.4515157120668687
1.5432883486382192	2.4581752613864376
9.71105396262449	7.387059621373214
3.8931167811349994	1.8732916724521378
8.10855533947485	5.803389866828937
2.1886597561707513	2.914756133295471
2.5339909637271	8.44285996449154
2.7733436212862888	1.8629875186981912
0.8484847034387135	8.376768212901595
1.2975569605050261	8.007189216771897
3.999977570149471	6.027841920010917
3.747417008175458	7.651177144222174
6.029778777360773	6.514791184431021
4.446349665544441	3.567642987393389
9.966752883080227	6.640949310101924
10.343402780629287	6.816618281174516
2.23765021384146	2.128497847143512
9.853475088311747	5.054085278321568
3.4140501584395433	9.753663290334755
-0.03960075437751509	0.21915870383122343
0.8545340680136626	7.5442716009692665
2.36063003345883	9.734590361021684
1.7740954278905683	-0.24677693487855645
1.2432804729239417	8.994953730762973
7.051065959647037	5.145730708161426
2.539921267888248	6.555491823436787
2.8114695611190115	8.448303529874059
7.76935174934684	2.0406894588102613
10.219031839597857	0.4288099645806259
8.740178951530497	5.4360911082205625
1.6074853238277904	3.0457266010346657
2.396592935983754	1.8442726569050563
9.689581363854993	4.707311963988672
3.3380461482697497	2.2268050411580735
5.788659516052615	8.30290930061956
2.40376399319155	2.6023257952984737
0.8935765895534344	7.588379503828207
1.7699140917932774	7.901809076818125
1.203009697572575	2.579541334362936
0.6902815042714892	6.547980712696307
1.7729651835760993	7.230608062092825
2.7450747307400407	7.793322989987654
3.4349398425418265	7.783708098222737
2.1829832663817688	2.70525220389011
6.197677062194308	9.108311366261281
9.517291136042815	2.1614215040835765
3.472398074093247	2.4278001735844796
1.4051396548638573	1.4326616365097888
7.398127318845074	2.4462084398001878
5.172259768414987	3.6796417168188453
9.023854221389312	5.494647180800505
8.491254350586905	4.781313432777771
8.41762073165418	4.664757253217227
8.692032164959398	6.713492102005436
2.23760091686233	2.0469317453740588
0.7222081646446352	1.942245209511425
3.837432790467767	4.670079415091234
2.8723178281634665	2.3321097994757243
8.337840307005958	2.7679126649547
10.511368480568494	6.139027833412504
2.8542158986807435	7.781205495791363
8.356090756467408	4.750975406675401
8.91818522915398	3.5549940524829546
1.6365115163064554	6.012497123911764
4.109409322210535	9.640606300965187
2.6595304159870663	3.765359797288225
0.7150010361408182	7.614879285439758
6.572111209271933	4.263359564168713
7.5745678270390195	4.120542775846616
0.9326209529700891	8.891684159012904
6.6633315153268775	2.936631722249405
2.2737072103719194	1.2665914441725068
2.9437085641131326	7.4189622949422755
8.568655969033063	7.063005096804991
3.2142645304132405	7.361100385861649
8.093846990600666	4.925623548157754
1.1130804031238006	2.78206868594875
0.8169296547903528	8.668005864087352
6.154722651703484	3.39661929093583
2.7560656334612608	4.087362554570499
4.283356748269356	4.22276275077338
6.670727291249852	5.52771167644051
1.6049774823058875	6.870016613354163
8.295899927690169	1.8424722416458001
1.4144590298452486	2.309468579187403
2.3032825087842483	7.707826944902541
7.565270338380806	6.029984641341432
8.891190574380204	4.965153326741316
5.910969091641172	3.508787421304537
9.232362705910122	7.87803931651556
5.87742553317195	4.871196924233993
1.1719767342073852	3.110513208850948
2.4689614873591785	0.7245652789945431
5.647582514413249	7.875537355881974
3.9494700723343583	5.551353082595706
5.873163085508326	4.388254632638924
4.4257180262624916	2.7429056609304325
-1.064218857595098	9.294730108035903
7.133079921978056	6.491243222697443
7.389471666792096	3.932037258804927
8.535993425402019	9.467607193443682
6.107698060571517	5.917362912959517
8.582998057225165	5.81953686072025
1.357082194298	8.19488519026277
0.9977640733853539	1.177149898546177
1.434593452972826	8.462731964813234
6.218516237907576	0.4838352996704848
0.7821219533085361	9.143877923283156
1.0940624832527666	2.289012510196415
0.3981348065729881	3.5889872036131365
2.671532539315256	9.569746944445106
8.341432091004462	0.7546207472042049
7.842238538135945	4.460185444411645
1.3010489883863867	7.8616915725000425
7.901068509372491	5.002986246113413
2.814783267345018	2.317679780529602
1.7539436084945426	8.881223756772485
7.115657581159841	5.643241833094441
2.0739757030450208	1.5487719423173674
2.542348089642144	7.054583396464764
1.0735595718623083	10.524197790019631
0.9654644832055939	8.070807000394968
4.182659776928946	3.777030101425096
4.62436046957741	2.7561909172959655
4.134611671899151	2.203250489286465
1.2439908714085914	1.987770797778321
2.5960958366324838	6.732165540998222
3.6921936796212917	7.01977557465564
1.3447026824749497	2.0345317605013866
9.121595898533958	5.670392955632461
8.784089846627518	8.985731000025137
10.395351645867525	4.507863898498919
0.9844715195355638	2.0915921146161502
6.911489354615932	3.5302038746726843
1.1659380978326481	9.750972030963599
2.376766110727319	3.4549193951065558
1.6627141239679388	8.233546455241996
8.634579394487254	5.23766833224218
0.9506033452673304	7.90843265608472
7.2584479247313105	7.168125438333167
8.436881056002179	2.785475012131493
1.9509377514279609	7.684918869782022
3.0683120070978394	8.083834240254927
0.432204669035918	1.40268652616268
0.9215032469567691	0.4188553154048874
0.9799779584394741	6.636665927101562
7.765396404622511	3.877777406370045
2.2218508993484827	3.545208127307946
0.5996760904247354	1.7776329985665136
9.575457440411915	4.320466059417367
2.258845532279076	3.9735496915793873
6.57988988171836	5.7526767823084
8.17758154634295	7.858642345426543
3.011483375005496	8.466822809032939
2.8980841656977248	1.456984286831552
3.36457228051694	8.352360582382685
1.854183280359409	7.8126408607236355
2.826808255255794	5.996071322882384
1.9768930566513034	2.0320916301795826
6.076965734655575	2.897940841281158
1.8574079681895888	0.915872634323275
2.586396275069446	1.5349781047827515
8.00538156630695	2.48695082890128
8.428532947249826	4.129952083352861
8.674181317033419	7.518182029074553
2.3113118765163314	2.5378584328570053
0.41445326296383395	2.429985504962373
1.449776728160519	0.8201488695695468
6.569004361106914	5.568676878342645
3.577422764848024	4.96230255383575
0.8251126120348553	1.7672496980060068
2.625452679585571	6.598611581508505
2.25430617754991	6.383041263606661
0.5371611980564359	0.4585356765904308
3.800959952260794	9.458253846830015
5.879278399522744	6.7004579478257895
2.3186240114921013	8.81788764436274
10.224027125301562	5.8053430799592
5.600356327082964	2.6950781704045723
5.720278520918768	9.77628471686269
2.482163211204558	6.72383316907675
0.998039723118745	2.746775852398766
8.844899529253064	5.823029385186976
10.085253197353596	8.810159653354976
7.126411000060998	3.7034466753654582
3.1802478033034736	8.012468206963534
3.1611891805911214	1.669573300572681
3.8947250687372104	9.005784560402597
6.283563669013561	3.0332832776198257
2.412699919712517	8.855563820257412
1.7783851850542518	0.15830775677170367
9.041626325361005	8.991098456130503
5.282646272782182	5.362041253386818
2.9239785689952202	3.5818026507251215
13.196888931749733	4.39428398718807
1.7303304074978194	6.826581914015804
1.9408816954956587	8.125064582689088
6.4651076665164435	4.7839793676327975
5.67995969857499	4.112096620660446
2.9164676242173195	1.185952002791907
0.003909300109522507	3.7295593007394046
5.8755195130901114	6.13833144936253
5.157671335687509	5.427237114531199
9.270149786266511	4.922955296355694
6.81289665518325	6.490166442157985
0.22234579951475514	2.4927727881480797
6.015678247190301	5.743507096535358
7.007639730831969	4.7752983781311125
1.6487324325924526	1.8958099149810144
7.489641789325656	4.730826057939185
2.4838869493104645	8.29522813914923
5.648736437948551	2.764520570358732
2.942227734619254	2.605117962666712
1.2251557173443552	7.488274984114902
7.241145221896278	4.34298037870809
0.1723233539884178	9.034868265448786
1.0902570736484452	1.894006071371618
1.523077754365276	7.20320797617287
9.435232767572284	4.155262220258859
6.511439289824025	5.177811610369179
2.866950980288299	8.315481406416845
1.7702367387749993	8.468496780703955
2.3328973453568502	7.74263275227697
5.203853898658684	0.8559279044478546
1.351179293080855	7.711644016023611
7.213111899688206	3.234521375953343
3.671942391804503	7.838367864066252
5.382518231635078	3.532735646115539
4.750370033142362	5.607152987702003
9.059494808040654	4.518057897668729
4.183425831619169	1.9276520266809198
3.263829819495172	3.251582842041407
8.880761314651291	4.366548383393705
-0.19486730464224694	4.881692304850357
6.805229676549684	3.68057324675753
4.422510913811958	5.624303062174288
1.530603087799992	7.6513884323729915
2.110124930163035	7.734303493541819
2.370958346641792	8.956484392677806
5.896145884486809	2.78617302446192
1.0016068188862122	9.140716909791738
4.497271608854136	2.357829494561239
7.133359049878053	4.751991058727417
10.24910204151787	4.62512049983394
3.559662218277798	1.4743302470039263
0.5958988887762975	7.116988342909616
11.400444538302443	3.2512425580067794
2.3753598041266595	2.151466495431518
4.205897030491374	-0.2892571043027589
3.629092642720921	7.7366730993937445
4.5393584785463545	4.138352038649908
2.3805541682217775	2.25359671151409
2.8569831746001717	7.304059521319051
9.017558806064201	1.8172043704617746
-0.6898355902148345	6.0129623977112
3.0773040075005538	8.7702641800975
4.600671785983962	7.108552337267659
9.169044324501579	4.62994313061946
5.798019467052989	5.625187316395812
2.071515364404195	7.594470664540335
10.76089015395925	9.005757854798341
4.543713057134839	8.304164518089435
3.7023202955950274	2.1833439798075234
0.3704514161957023	7.839501816932817
7.8357790358065	6.251721106805412
1.503112896023711	2.1034046096111276
8.511328375578923	9.42749859572354
1.032001499140371	7.934750867798366
9.58407563509914	2.391375669405747
1.303503818401679	4.040434906853495
4.8647441485324965	4.655941046982709
1.119585715693999	8.815997242899806
5.914916666425181	6.167096035697465
6.22915098377825	3.08618517446687
8.238239886607658	4.564931316956569
5.893878108161589	7.248412110530145
6.251677896101585	4.609465926933018
5.582907768248965	3.566623968575566
3.1326672452153943	7.7845639792527255
3.333332563029796	2.4014613821444426
3.81991761114758	2.1513339750311533
1.8852149767084847	7.4704984963101975
1.55290736399993	8.92609805062359
2.2054260069264457	2.1778374604725643
2.4675033841572307	1.4678978861591498
2.4734057718721356	7.795271690762634
2.517780390169759	9.043709669241561
2.5075867140967203	9.146976415241369
9.350102700042829	7.696637973614498
2.704108686072188	3.307244577309797
2.2623413292790255	2.616012457490824
1.5591847569505488	3.6697626080437744
9.6401583222076	6.432403302612669
9.56132213857266	7.392792332045674
1.453839682146401	3.097653691378171
2.7504533726351186	1.3676477486378238
1.1942316921251614	8.823065205417276
1.4395025725746526	7.100453336489096
2.8239282519692424	10.477785492419516
3.052597339497659	2.166930276086136
1.938100479036324	0.8547328344143734
3.2327040727086107	7.227437727366496
1.773691542753647	2.1844272604992807
2.4240168544635323	7.668534720710029
3.5340371939059425	1.9287780439604103
0.7266636606947269	9.445612608711073
1.821366831921647	6.609940134784172
5.20970149189548	6.6597491197733
1.3239648452431487	7.890636886524501
6.982261076715233	8.959995077867752
7.557131545757425	7.201780570257349
2.5455900073705	9.41519170158975
8.516370488978595	4.781572143076731
8.99927389193546	5.241496859702524
1.831311318025529	8.154379309143541
2.508300769626459	8.085820985863455
1.4756251442118553	7.281486982446191
2.0929136743092096	9.082332664831759
1.8064410119215555	8.479107523486082
7.845909858017491	8.008666907596814
9.459763209889276	4.4980385647949115
6.617868511800724	6.2363778250371515
8.343698209654915	10.392386719506986
6.768158914985333	6.079454375947158
2.881354320767217	3.605729597434764
5.921818100430177	5.685423664253092
10.763304720356015	5.38171649711906
8.346975459173711	3.4669183014418614
4.5057758268055	2.2105421307740065
8.561268228445298	3.6118037682316144
-0.6892685637439694	0.8842895721946797
1.5954241501730293	1.124098448146629
6.652232342046737	5.136207000153562
1.1953513216960974	2.0752216895192275
7.545563721568602	3.52417130776048
1.4940993797565063	7.849347188469694
2.776873521065028	9.152662687737044
0.8319301466494868	2.9866453940433706
2.685316754872758	7.682834306720366
1.5785388044846318	8.435275890207365
0.9137816787985115	1.5260194700475176
8.605372294037085	4.979714481213384
1.6021589262919744	1.4452799287537426
6.181515701843278	5.997913937962133
1.241987744547569	0.3710078708718467
2.491387734988609	8.236943579648235
0.8938096085229985	3.2887581149884175
3.3164568424143743	8.288296913252195
9.69521856207703	1.0023113571987086
1.9819588932401206	3.4315707890414906
0.5593766971508962	9.127561508084842
5.570186467519955	7.3771066156459675
10.38734592708646	7.638180681436443
7.037566220560415	5.830271413678149
4.457972165231203	6.648145502671452
7.943750196432378	6.633479595449783
6.757893836490464	3.604015685023727
9.905057172507185	5.461718773182044
3.2632281251076165	8.195445235651206
4.447991504941583	7.420327628581566
0.8791458700795335	2.27769057807846
8.836909365844743	5.783763781138806
1.4294634256431862	1.558256868027657
6.50385328672574	4.144792635671298
-0.06455609353814479	8.528558122072198
7.3133251357433595	7.605598864787268
2.9224210308054888	1.8229641977953417
2.595843990990137	7.862287344220751
3.108185479763944	2.829926658380803
2.083934100778515	5.5609299439045925
2.9542964344486675	9.004314331298758
12.296410668019515	4.814946047021674
7.835264570962225	3.607830755917801
6.334576072694129	5.231101108514102
8.095500595229293	3.71353423189643
2.7849563956803722	2.4999486961410415
6.67444490856811	8.079788487539837
7.9401993668333315	5.027061607141267
5.279549047804025	2.6237028957708164
7.230639501443403	5.592532613399287
7.372039823467157	0.8175547170710007
9.00334650076742	4.402165082378761
2.1588821214401808	8.285101691329846
3.030135701484737	0.7221224630280398
9.280648695029871	5.288479271735723
1.0978737253350832	6.742573356193551
9.393728585288544	4.278240274016742
0.21240759596765912	2.654330331870074
1.019265878179572	1.0213442350444446
11.682872445461916	3.68087108810227
0.4546758245496346	2.392293439488395
6.159830179178407	3.6807578825854215
0.8319767766226029	8.510103959247852
3.7263286735151633	5.832078826268596
7.670812807412311	1.8145149945971828
6.000698412789173	2.013918135575264
9.472069340958516	7.941689947637642
2.6691017141505218	9.121421258994735
8.22661513920644	7.918264352882829
1.531454720489203	6.856562222696939
2.428258544625635	9.429397588654941
2.472253187095672	6.515075189645284
1.5471552142046507	2.4706515759253356
2.7528194643363992	8.642714561924517
3.0019842394634164	7.48990501214365
9.6762406652696	8.402687568321184
2.099855610804626	1.4730385225551865
7.276783075903488	1.4084816145973555
6.0799757764621045	5.517772606072308
5.98518321431344	9.709548622559218
3.148406281107156	7.4851659955234995
10.847933482215748	5.259487166836405
0.3185752636849093	8.028265894775732
2.461013873517877	6.376395644339752
7.85155094155307	6.6338693227760785
-0.3199744202412283	9.038660960615195
8.955668221400119	7.342319896930349
6.637726455501015	5.097286021897459
1.5106462282482984	1.5017846569598698
6.048300433594131	6.201132630358389
1.6780619619900516	4.904443832319091
2.5121711573449126	1.7578786060202063
8.668606517470097	6.976591840968443
1.7361345766884613	7.6622531016101645
8.087272226531327	5.872099163905964
1.3931882985691268	8.787910583666639
7.817346705520498	2.613639002095632
3.4625962379030737	6.179304392425346
0.9639675600010413	8.414498005900292
2.583901928317255	1.2053149521405546
4.940884963238079	4.53007856962314
7.983181048822024	4.498063984867883
2.645359893934348	6.411208023551852
4.45163802619535	5.739792795632671
3.7069905348374235	8.802818836794202
6.092835207969083	6.931031328348362
6.443139245151315	3.7919781062338886
2.048361066859098	1.9893005458743538
1.8936150989872647	1.5507887947093315
6.347035957249789	5.46445583018226
9.116387062087203	3.8619294553243186
3.330316252820098	4.792934354486076
2.8296683024141367	1.2426806400024768
5.775267195238945	5.88736023893564
1.1725211868083663	0.09148683345394426
5.967696749075949	7.212055140784059
2.7919394008593077	0.9564023679526951
5.996978039149621	5.099076702075383
-0.34481444461846866	2.069218408745698
1.7124754822419255	6.626478699222438
5.385245813484825	1.3761642776604655
4.378874519542853	4.743372534096421
2.279335985792896	2.107454963013427
7.65397783338741	6.9249942056869385
4.006018023559415	6.690772958451394
8.82125625776515	2.600583379396419
4.604594756672999	2.152947164648635
2.3191798200242113	3.368086756992578
2.9141204829492318	0.8657253832395486
2.6155792882965088	8.629910644869998
8.834548484896994	3.975111712912123
7.623379607756915	2.0151596924602497
8.055442488691043	4.545945493859014
1.7507827800921945	0.7111647106738239
-0.07101096840134075	2.1040549361832923
5.957675541629658	5.8316596557616975
1.7147034665842003	2.424263288419308
2.3238530213621553	1.7487197478892669
7.680746528231656	2.5092746639030237
8.209787848895472	6.502942518599336
1.6658613419504982	1.3064797251523457
7.28730645631156	8.202842482148986
6.97651990967619	4.510524814248082
1.949962096294896	2.644390768661493
7.396493783637697	7.787237666767615
2.3251358178500023	2.9306520968007463
7.7668020023586815	3.367796297473352
10.427541902565402	5.9409180113244675
1.69524788574945	5.802998476475745
9.087818376795482	6.776694778536092
1.7908178290657195	6.477152346920704
0.04062817030328625	2.5079556587749865
3.3253391496613736	8.323651863038014
3.393265825979375	9.153213260444618
2.1643773482162936	2.0313188057528446
4.955266115579407	3.277550687986113
6.483217359493748	2.700852139340321
2.365573246154292	6.46815210446237
1.5154080178606664	7.113508029079691
8.349274751165007	4.339739527693761
1.22445080754962	7.921900765534041
1.6561537500453347	3.854686622930466
3.015985086478976	8.118776728392959
4.821790159837183	2.6565487457952863
4.169631347876027	8.489256402934712
1.7712435732160388	9.013026322272914
6.947458548416712	4.09821795937032
2.7129123922983522	7.9556951263979725
8.975016795319675	3.337795425160796
5.737217215486029	3.355611229555447
1.6717054418909196	4.933640548304938
6.611634671396104	5.573700466339211
8.594800627215601	6.954245028210647
9.139301087791148	9.437546231145358
9.606503381223986	7.507585104137238
5.787299949866014	4.502270030192574
7.515431365851686	5.456731988762623
2.6642675343960103	1.787567187897781
1.501725113696679	6.982829084510403
2.612667079743465	3.678779384376592
7.520858461593583	3.5908720434989583
3.460945115922142	1.9541640668170017
2.0835089982937967	1.286028225107556
1.8661518767902727	3.1762686389779695
9.864099621821559	2.665700662621041
6.811033928899989	7.483898822443536
-0.35489239722859167	2.4190321463956606
3.3017653421780038	2.3784531949345418
2.8494943630253013	7.849934864430614
8.770275303441977	6.636010967600178
7.203911977273158	4.641122649751183
1.234562128444398	1.0907934177808878
3.156273378586672	3.7217518597831982
0.644863802208723	8.952923870587847
3.062683044909542	1.4173982846124742
7.526649662442807	8.36712968752389
5.690614058689015	3.231375638145266
6.926691062864552	2.363942875221774
1.6918818652189693	1.0849672018817582
2.8031119655969357	-0.25457841452866253
3.234180925576287	7.78286090010568
5.614083844809556	3.6027961979050547
7.266730702774201	3.5660583296956427
2.909435761377334	1.5753285907200523
2.682896704137346	3.0349581867371365
5.998829700099485	6.071246799085193
9.80913389185665	3.300578593710127
5.028784838087635	3.261360572969909
2.8301181156126347	1.0357070529372614
10.953751347732696	4.159427183699949
1.0275930627334207	4.125093201391481
10.707068975373815	2.5382399470477863
0.8977877976147155	2.4101347179605432
8.744628209816629	3.4308275157141943
0.24202423722686578	-0.8138222182730964
9.076040939457336	6.216048126974188
8.269391738197333	5.789022289240675
1.9203391210444667	0.9931236275611816
3.360399346329869	8.086786275143904
7.937544871984143	4.878768656178908
2.180351767554378	2.000736741187023
3.1488810886139578	9.31094176388257
1.7720537825561005	6.547318411596214
1.1661389666300965	1.7430752610393156
8.782735169899336	4.011863745206395
5.458926563599861	0.2459250475274899
3.4869171272056754	8.853890381680445
3.779565662255217	9.722116932853615
2.4056150874754096	8.980085008431008
3.4634624910912004	3.225966263613733
9.228657933732553	10.393127416788474
7.610179259903449	4.8766190343013704
5.959673034779897	6.351731920224612
7.924137177927175	3.003550198791609
1.2595175368479936	8.016380827644488
5.9083512997437175	5.847947924818511
1.7437710748872606	7.7008882774147525
6.316437175914644	5.563968081121829
7.013223888127136	5.2859351109398
2.017283545705007	8.769013540281511
3.0081671230901383	2.430261516177184
3.7599604220616683	7.102099569637868
4.306376374890901	1.9024543165277898
6.640784401377793	4.48540355375565
10.51265852203282	4.978760018350243
1.4410876671197823	6.193618361428236
-0.3799229478754551	8.955660829673599
7.135564645364136	3.6325210107547736
7.556271939814292	4.11535597399836
6.303624372984392	5.3262289376206615
2.0295576284111143	7.0209321178964545
2.4738121458661095	1.716132502985309
4.599236459438721	2.2380662838500087
2.883441493563047	3.346233730747578
2.321137704023394	7.600435373799577
8.156666053850955	2.56371172438866
9.64399387381658	2.111076161491586
6.511806003835153	6.513438898105061
12.104026319318733	5.214700725756055
6.670587475623391	4.1030569375296
6.257662092791491	4.389079258724587
3.803813070349088	8.176016645292387
1.9638649583876022	0.9889918785253584
2.9682839673425336	1.36419504239209
8.578416824206013	3.0818402401503944
9.706750801501094	5.382806108294447
8.415986189685729	8.421616505563968
1.8081345316423914	3.686240369921716
1.2527633260925763	1.513281024653307
3.8186536873435166	7.804992990858675
5.522265243555655	5.90897583753995
7.475962445500473	5.611038132383279
1.5355536752359324	2.0801591763917386
0.8606549342130667	6.7179667091767294
1.0122762107091015	1.5679428751999223
2.127768521560704	2.992951308947373
5.3157838110487585	4.478623659961646
-0.04538250263605825	7.151695681333406
2.3500084026029335	2.370432167606969
7.986512579340122	5.117978910220148
6.946679677176764	4.373402105679655
2.9350436646410296	7.911488312005953
3.12863367771715	1.4136873251380935
2.885661168447445	7.453482554951162
5.118146359755718	4.857541397465932
2.8364259194923207	7.920339882722156
6.635412799129998	4.694147797890251
2.6154294651257013	9.082888608765314
0.2520937250155125	9.482252416577984
9.34818729956362	3.961733718730385
7.01721593661661	8.25090148316882
4.504435776347765	6.279072363742555
2.0894832946729376	6.858693038675804
11.345861761412653	6.309127308043994
2.1475075366219514	8.395383276594266
2.3901258585285916	2.458718772201472
8.255079335358769	6.849652243909712
1.4823056564122865	1.6713066620909274
7.795950934005833	6.607871581173885
2.149068381948643	5.0554871145782805
1.6587482526950095	2.2903895809517487
1.817202847408558	3.2469038688679097
2.1937827748549887	1.684908454099896
1.5574629686338444	8.782221796192196
0.6911239145427345	1.708473754902173
5.168995827546018	4.662364235691781
2.990986118157577	1.508969002452666
2.0055457919797957	10.458123712236677
1.4289000223823396	8.276471958259457
6.95830431003463	4.0605306440817115
3.1871803643639245	6.791638532861716
8.426052381412207	2.3883958432741355
2.4744127531742284	8.678685564684807
5.533776587868102	2.774075462242107
5.061662030947399	4.983307638936324
2.5180883952493547	8.175048214498062
7.018031020717719	3.7241286967813245
0.12838878019843208	1.9334699595497962
3.3812330934469403	8.143392957967531
8.167904877520098	5.5091622669309555
8.184086611911207	3.7171210383990747
0.4219442628820752	0.7972807298827794
3.9540739739535997	0.7414408727103727
1.782800877859536	6.7322605192474345
10.073982347920591	6.342121282264758
0.8237251955303825	1.037005932883448
6.464200694461731	5.992053016643593
5.36796522434253	5.647084289263878
7.9426310567536085	5.325978697173756
6.689447379780872	7.64686115750477
8.44702148009596	4.5896757013907346
2.1674878804820503	7.570108794351475
-0.07022874527649936	3.0996623347141465
3.2667975359705057	8.436457067096692
3.485799205326998	1.4957149013479731
3.9876093994219457	4.498564115889508
6.626914417791413	5.900685761420448
7.858098138248501	2.957887267755571
6.256342143532059	6.129222729211249
4.675048798571035	4.98926616760842
8.245235432919438	5.263356953230035
7.358275964725788	3.8868865715209067
6.577720060939317	4.681688596577644
7.306207419384937	6.232446346263898
6.758943302656826	5.543569896730174
5.896613923369541	4.912575332858454
-0.04916775320383371	2.2236271159948275
1.891527932666964	8.543431464081356
7.394253195012394	6.992676035271811
8.122516786999853	4.174088304963824
4.8575467860495785	3.2484247542166633
1.4867376356488626	3.2481777461064674
4.670953321163735	4.996801137915401
1.3811679519784605	2.9071389596939428
2.2776240599769144	1.4213770473745182
5.839967921553411	6.177108659317286
0.6050157737473627	7.229540697681172
3.63586107081268	6.488223743686979
1.8709159447371728	1.8110464531038835
1.909977463409017	7.5537998904414
6.616885352437501	2.7797798916545764
8.122075384690483	3.6020630261472473
7.48092900511982	5.57563570899943
2.1267991580822008	8.403475475410854
5.058866181992512	7.648122561062007
2.740426329262701	7.367384284184466
1.970300563584388	8.434278622048165
1.5560398897267502	3.636276352848572
5.717113729076953	5.773860099062449
5.249320775600232	5.449209483760896
8.421344126593441	6.947379778056568
9.595907070872993	1.9381208656484468
10.658276108895778	3.043307710033303
3.5644854706753275	7.273234358610264
2.10347194976587	9.539283880962273
0.26315644054554305	7.196860697623837
7.283121737091824	8.382288976075989
-0.05239629394651668	8.140422082082097
1.5327210683979131	9.350454555777066
7.732615974869466	2.697079748721337
11.386937667321833	6.274597254855426
8.144497426628796	3.6931703857899567
-0.7876847661077052	5.963088435775097
7.914005496227451	7.0408934179729865
4.377800267616318	4.075885352434858
1.9350366530014762	2.6872567685583815
2.3288045453804127	1.990874623374705
9.36084397845419	7.6264082265466
2.5531029349487424	7.992364694956834
2.5364364269568664	3.337900915334999
6.088296624632328	7.319649393262598
-0.3825871234062689	7.769511858146297
0.2580555190465253	9.271669924716084
4.952072900602315	3.3217755244419225
5.93941549733076	6.885496250544581
0.7102293791402545	2.437362526189223
2.1431192866114817	2.9604416866847316
9.213524047917725	8.075731552649007
4.014261619446329	7.9549410935810805
7.447841132622546	6.78437591499931
6.9024156278925535	4.541338496152148
1.7172588552890835	6.474140024779315
6.029714158112563	7.742277313143355
0.9260365342198176	1.4844149715191701
3.110736472662577	2.953808882228668
2.8311201173523104	-0.04153197655376195
3.686363819446506	5.908819435186395
6.598049065776733	4.109706674023774
10.395817509723472	5.592200670916755
2.2163207406627086	1.4724680283753466
4.247168703401714	1.2415529338233755
7.495568662373343	4.422306793235535
3.7425768288288097	3.126511456701262
2.0042772965297844	1.8601385325091602
6.383457741286667	6.292914991033616
2.3362129374003104	6.580021419075197
6.569321632757834	3.7170921748634895
10.740620931739242	4.514314244230622
2.747888744163924	8.790126522391443
9.559657749399328	3.245205546816541
0.48449927834524315	2.827812876442776
3.8350726773160195	1.037403466365196
-0.03889638654768934	8.469067148031154
4.0518993016703515	2.8954669529244583
5.685982775011727	8.627360370141286
1.6477108968172194	6.516897082382509
1.732595824909155	2.8866707712307713
4.910071885201576	2.032783889143586
2.0747802314332358	8.624109112459525
9.31588047977559	3.5488007266994126
9.488484001250464	2.666264899402072
5.757343846373687	8.676327831466818
1.7272323320641054	6.461920173770013
6.2828190882956445	5.169246167288918
1.3512474396386722	9.451015541615211
8.01325613014466	4.637388294389831
1.603743656392037	1.764744106073855
5.456050218705296	4.106803950465467
4.936230741980053	4.081491694577443
0.9868239864773037	6.717309366250699
4.703111444269606	0.7230921689947332
6.606449968121355	7.093152367771866
1.2858931377426208	9.608205098953203
0.7573489445257442	8.41240511830506
1.7657048620374187	1.6819539067736853
2.6099316527503613	1.8879990616377622
1.8078895577109826	7.652555010152909
6.116933485523132	6.07951088231832
5.910477017454703	4.731830115134187
1.2457483862360572	2.718796626685942
3.6781451990348746	4.234970558653013
4.4187374947458435	7.5315934826779065
2.0122461967066103	3.233298939420204
9.927728514610015	1.0985936287678726
6.304667209591724	3.4373975667818324
8.389142662244923	7.256520134918612
6.892279679880869	7.650391916550586
3.5439244907634504	2.362967656516974
6.824351836717305	3.7680917075037796
6.9243522961140425	7.651977753557864
3.2362525564573446	7.910736573498123
9.85529709246078	5.519252359311596
7.7482567790541435	3.9818353549915098
4.9795587205960565	4.9522847989702115
2.1960088638105506	9.036182456032632
2.7669056063277804	3.3959762626781034
2.495419781136639	8.302155336281931
7.276177768384016	6.729275900724293
8.34169089476069	0.1874951668051511
9.712781619817022	5.777101061970043
3.408073647740796	3.879379666591824
2.4121827179156847	8.646738159365086
7.174179997719357	4.172675335287789
0.9258978940707939	7.314690350792926
3.4621098403339556	0.5296009485840623
10.455278271294459	5.4637873358191875
0.7149636952809924	2.3541476775431174
3.8414231273178596	4.974407668105637
2.7655707681410924	1.088435619234215
1.6017968014650323	8.015303791192485
1.1678651111489022	3.1531792286698095
1.3317926450224489	9.633005963849746
7.2951230891338525	3.7847178892738675
8.12745540405523	2.107500485452703
0.6006625255618112	2.2679099518593553
6.640208738070443	4.987475145607351
6.646186121210317	4.555281076956186
8.57899084876811	3.3126685235527145
1.6246052852623574	2.017421657533923
1.9252404707767037	2.7162405386592052
9.016289485176893	6.906095261982568
0.40220417373261597	6.572656596087798
1.3003778654804254	5.364874369712322
0.691678319438434	7.85139689242731
2.8257579496235485	8.86604929223897
2.005529212252223	8.189833336961309
6.230121379327604	3.575927790476051
8.962953408247218	5.095250627375842
6.340790776498304	2.88625100317478
4.03090115697276	5.871317214597673
8.204132718826456	4.432927106644822
8.029604807508813	3.9565662012135006
5.41480482728593	3.4689263492722366
10.196896989126149	6.591058368286125
8.849884442826157	4.755953146416799
1.4720845169942343	1.76810848918532
9.530138271823708	-0.6380876788798218
4.874560738749812	4.6064957219913785
5.364088530017139	5.3824075507281535
2.3536029661344697	7.991782266727109
8.835153753941437	5.540169779038804
5.8981705633602335	2.5287199403220124
7.988021876686312	6.468952115127325
2.557838912091772	6.7841294870881175
2.294016855462808	2.4187556628681524
7.597302507306955	5.613113002216413
1.7801282122479374	1.269380338101069
7.940928227897572	4.145078692384963
6.35123582595862	3.5467216840294946
2.1733274700413276	1.2242480676631808
2.369840337206236	1.9549188644457691
7.093487394707832	4.205595489010317
7.034113199193768	4.4363683249583294
2.7634838815709517	4.460265615047448
9.471806134371569	6.624936963561574
6.243266150620862	1.829683409008216
1.171025076987808	1.8458946123521758
4.940437290111567	5.77093648392919
1.459961056651077	8.174530549596737
10.033314310767171	4.900599068409623
1.9312644302591078	7.079797330946712
6.776098561473827	3.4248961400047087
2.0705449693775066	7.809777777902403
8.084887328877574	3.6227217361215214
1.7668141794315262	1.8946020186242272
0.21029825669522412	1.8090510252929404
11.398600484476308	3.794638410135262
7.243440368747733	0.7617965680877414
7.870951661585492	6.250626375073935
4.960699745278602	4.28407513256026
1.8867534986345134	9.821555615353361
8.193454844031496	3.7415851475295825
8.09475130726252	3.800294083140937
5.011034806509096	8.620535712080468
9.593053426469577	8.653071409451963
1.2861349206819446	8.805850890944715
0.13590627770027397	6.607975087066094
5.7917384446047215	4.542710318527702
10.186041467830103	3.954868974681609
2.2710391654074433	1.1364412288283277
3.6790049610614894	3.405140229323359
2.1233018593652266	8.133382619685456
6.945505343625165	4.398190598963485
0.9307810365550502	2.230679777494494
3.7203542606647835	8.063982734770132
2.4412627801293962	7.421717930263188
2.6734479012344337	7.6203310438801175
-0.29724091777999007	2.5202150712310067
1.221951576344187	9.17794341129191
6.2381367878351535	3.1507576548903407
8.835265091653007	3.4588944212227863
5.632750979344561	8.080858325682899
7.8880804182040976	10.569345349584154
5.690681900328814	6.576363763153246
8.845621881548633	3.653489517426446
7.3210285610222705	8.900226334655809
2.7350327358810747	6.955661503436742
6.241859943644609	3.0827276190918695
6.918724691766446	3.5517022890746275
7.5906314699290744	6.182593207916554
5.453834894599638	5.211182291623926
4.664767054757073	5.3534955697114555
4.707395695155137	5.34263521947093
0.6545423955442276	3.4160416592509564
9.614456546207936	3.0636724740380994
7.358443106137038	4.892100500162789
2.575509747175602	1.2885098424012584
10.305390346078658	4.603952431497397
3.2458079880639983	9.10067083004166
1.0111795688418626	0.9643357744607567
5.271482894482627	0.8033679901485957
10.08659972417158	6.967088549526412
5.381843497863566	5.122201477172377
2.130315226732144	6.681097076553194
1.2162791457429827	7.908022263396241
5.601473900761098	3.4683024882113704
2.51612084361509	8.100017295358752
5.422481706990995	4.335136114813491
10.002033250479364	3.1641653874307396
-1.3737028925935058	7.810561563862242
7.330623496499094	4.098516859342887
3.400479674123157	1.444854413450996
2.8592982338713813	4.022301836250358
3.8584278619824754	7.453675993837175
5.7095310196584315	5.094027886035073
2.3205240395652424	6.980671190079445
7.764062181330064	4.708145573289856
2.3282120889847886	4.9221941858901905
5.2487978561696815	4.441703374570505
5.778643776419706	1.885703455023402
6.015335674644632	4.63955929713871
5.201697906525311	4.680079398730573
1.0294076341099787	7.477877717040549
0.2268193321609896	7.027591860348402
5.098656817569264	8.151535275985353
7.06515896051866	3.480562533341275
3.430997679457162	5.821489480051901
2.9053461534194214	-0.8684821568087597
3.732186158124336	2.317899625900429
2.1228281308717856	1.7670410043225062
3.041881159622479	7.640703195283102
2.87860300026877	3.2816898141012607
5.6227166570128855	6.270904631628957
7.524737062276003	6.624326438731195
8.419531917321246	6.5036100507082
1.5765610134583707	8.901724767880214
8.24778688248495	2.306006541992629
7.161675394179483	4.427343943594768
8.12014132668124	5.245931541021109
0.5627810636990271	1.041762065895828
9.385552907246575	10.089819986274776
6.314277726491331	9.460174332099298
6.606694660656762	8.173540910699579
1.9032171156997064	8.393527292062572
5.086089094268786	4.037716528678943
9.221033549820772	4.298291270870213
0.9689447682168664	1.6033061468958274
8.348589447814131	6.551557236096541
6.5381305088824	6.834514676296653
3.8013804278747596	4.039978092949354
6.9095469197857025	4.847125588437106
3.690207278065442	2.789611864990931
3.00007925270262	1.9753036511118158
9.103850021727695	3.962297043714646
2.0249607502010325	7.036355404269264
2.3596603794851294	8.853257342003454
3.917339331245185	2.3628914598590143
8.605665434083447	6.082215712456421
7.0438007132732805	6.16106654300296
8.48071723025231	5.677502585958225
8.1371045253856	5.994542116478854
1.5784911212259225	7.454492762299663
7.1674549142164725	5.649282677699061
2.5895374798634228	3.942971788970529
1.5963952144047653	2.342980686873077
4.5948106514415805	6.833546405279146
5.203689947757195	4.793307024531953
5.545265446628791	3.7591050283310166
2.815419318646293	7.725335686453207
2.8639956933924005	1.4171390233668952
9.244707428940504	5.899973516545907
1.1804138232516383	2.5977711197025144
9.899685154663661	5.347935519423832
3.1843690787851866	9.114820000952909
7.871917394085105	2.882558925738252
6.4600561737979305	3.67337058004946
1.53101237486415	7.6926410150348055
6.402915330961648	5.927147883376209
8.017579344468801	7.359597461394989
8.178926310988462	5.291352602627544
0.9837803201849366	2.267592782854129
2.625416554601215	3.1047678444282027
2.025460566195865	2.0221499860830674
5.309772455382829	1.8298376816711392
10.358507289188987	7.553229851812231
9.773915111064701	7.254897108011899
8.164512003382725	5.3796722379937645
6.739489339007135	6.665306135241911
4.867488888130163	3.9687943631670892
6.467026588116993	3.070993749720432
1.6395644773358287	2.6508314098286094
10.051657079350749	6.919766392899959
1.898315998923172	3.91886594543747
9.738581906809834	2.9801213151225756
3.267959770120164	8.879442268849058
1.1707520052877916	8.479345131136478
7.448641210382872	4.907705963376379
2.199493017147132	1.2445398187453636
2.035931583638296	3.8399722552672215
5.57468357158961	5.323912201678647
5.572938232059993	6.584247277790418
6.1159138074439525	6.294479455756315
2.52875078644689	2.8136333078481264
1.3807065316333471	6.743690209166655
3.365216837124238	6.779524740442209
1.899063648156734	9.582319240467722
4.074376430815605	7.477315480566311
3.2048063541452643	6.950979683631577
2.5122214889160133	8.04861869222238
4.741130517474485	6.247977497584621
4.008132192977611	2.4183318672280416
2.788214086386348	3.2697975672834034
1.1867187982686023	0.18674653850864809
7.477282337966504	4.293907663031636
1.5895352628025847	2.2042828733471294
4.151514233361493	5.116985762755918
1.9450385638690448	8.369292727017061
2.8708360707996223	7.333929756533748
6.369812471613327	8.280929401163837
5.019415168003261	5.058700418257538
1.9307288727368288	2.416928329072686
6.167999722466541	3.6948203223737783
1.6413006557685816	2.7966617790278177
4.882764454942431	3.7580101905305527
4.698526684043417	5.816404897845158
0.9482020796030477	3.4136698141576494
1.7415506492850557	1.565062117378129
11.482371520013823	6.022312688141196
5.641651030874635	4.216372525244458
1.8745619151949757	7.902946172481521
1.4725010224644528	2.0718545587978943
2.206858446642551	0.47467139268704495
2.5622018899159036	0.9446820543787576
5.9349610660065615	1.3722102433737455
6.2614336932607	3.5372252990060096
2.520020803434731	7.768336632367596
2.025761996919066	1.5754941338437423
6.837530546968557	5.956088599586008
2.645470022873799	3.8396355482453552
2.3497223434488816	6.8316909584298955
4.990819959043921	4.846753620946101
8.473258501632365	6.673301540821677
2.779577498569693	9.565481043698206
2.766200499283125	0.16530368807713913
2.0354433063549333	2.398613362266786
8.470190575924603	4.027608925903896
0.10804080615156308	2.6174187410303613
7.319406226925279	4.04168304408687
1.8684130745156757	1.904100330020301
7.788209010126064	4.6752009377806045
3.02117339224615	1.2851448266980166
7.009640736121652	7.854384082399422
2.7852686276353755	1.9734661955347088
6.921156640215863	4.993632022494385
3.2373342319485587	9.39667652821363
4.037178507533283	2.0905227959317187
2.8203644747731618	2.0833368523260427
1.4593275127202496	8.066423909446263
8.690460774298753	4.041004326760046
1.5883812882237247	7.24056743509291
6.285835711392246	4.100855446683433
0.5678707389001068	9.173803181879222
3.1880881681775097	5.369186361429074
9.286247801556717	6.794186067164574
1.5125816131007634	8.654557919728829
5.765527051810163	4.226031010809667
1.6903203768748143	0.7848937932243144
7.934248426453051	3.0211163263818874
0.21547422559776486	2.1857856775579796
1.4309968625651113	1.318970930197214
9.210917765232526	4.790248446982142
5.030218662681829	3.1699252027822906
7.426879917869281	6.840140997059465
7.046875748180198	6.795384446475158
7.010652816237844	3.475153644438275
1.6624766102627424	8.33281080409889
5.3420778604325525	6.5582352474523
4.061849701370157	3.93038448366568
8.553429362734615	4.294301808624993
2.667866460588047	9.633587800531751
4.238426238391514	6.746452306831977
4.785397846387677	4.8320623665624
2.1897269721845127	1.225848972489573
2.0627392669056865	1.1274674456706817
2.100785569012473	7.7781304426551
9.0746419061429	8.391261303512229
3.262420440547882	1.3136642474798617
5.7826859041547785	3.9414869550912943
9.192276302416879	4.654360534942134
1.3090042717440347	5.838248721312748
3.804476069563436	2.7023301501189287
7.711729018044002	2.9101791018637457
6.584288905152166	4.948157144373164
6.647891634487245	7.377531787222073
1.9065073976067246	2.8967518678350546
1.9518562453720572	6.4345927146543715
7.757325397590917	7.726906478804208
6.859618816232013	7.709162975385551
2.398425153047306	7.376773689039416
2.593844193869821	9.648584804347708
2.1217061632891565	1.316249329684502
2.1428487217113066	10.445271518877291
0.05298626244305049	1.465866540711061
8.191485296971246	4.4783378583647355
7.912071319017151	7.725291053640784
-0.5972994407183141	7.805834384005887
7.196901461976662	6.473518318576158
3.5794306885848304	3.692070743506931
3.4990581822900375	7.187792709270645
0.3619992331080299	7.504793320455243
8.674574701265046	6.243351590380173
2.286680707381776	8.240650192581132
3.1532866460004523	1.0117211782616777
4.565341668516717	2.0922196663571335
1.7215098790415218	7.595303288926366
5.634448926662735	7.849268762786776
8.18465331785365	5.163858095521413
3.192495936006087	8.668947747838931
7.464393520836866	4.907475127730182
2.8653006285093015	1.8760339416614589
1.4265254888314305	7.22146035272147
7.728363308055288	5.772890464315714
4.2885403049212485	8.21960485881412
2.9271041544539775	8.737474630412812
4.662268849160776	7.3631894339436235
1.2147511280732664	7.486007573436156
7.024169027088195	5.13312584093506
7.848920342912623	6.162692318550463
6.47049403092553	6.99757806595359
7.470289151878042	2.5490018259288227
2.259105944778402	7.721779462092751
9.45864840280035	4.584339248045646
1.1444955148287985	3.4131493789636225
3.6023173374083166	2.0477598929736542
3.1706341419977075	8.26507682205443
2.4872080403907453	2.5452151685890225
7.692451887078495	3.307459757933149
1.810318547194845	8.081090825122285
1.0518290507512884	7.370665351238932
0.924344806664162	6.729491289371693
0.9681085984101606	8.77798412271174
8.49834504361847	3.982339857421251
0.9545263794007193	8.122699858106921
2.7303288569289337	8.80644728647021
1.7076448040691812	9.528353798836395
5.3247689642032325	5.430060106237454
9.913005528222973	1.2264263496638979
5.387377083530481	3.173985894817905
7.4575971986527625	5.487441019654845
8.097849933975155	5.769230513647421
7.603542843623114	3.4401875249986977
1.1706629910024895	7.285457864008464
6.087054569533834	10.525711851437086
3.59787143398731	5.950038308019392
1.6369786317861252	8.494420481776938
1.6633335923489443	3.4225936483540584
0.9345195711613177	9.453056702961057
3.0133537396083296	8.651955429144921
10.43154794585567	3.726043481112443
6.803756586159096	6.238795836576962
2.7765254108076265	4.746152391654367
1.9545467818680011	5.265562286749423
1.7915512281272439	7.718056708916837
4.9080577111333445	1.3953024330156345
1.7439438439210466	8.116522194065018
10.469865062297714	3.884512745409869
1.955528691884314	0.35449357444980206
8.761648597864944	3.683094834719447
1.546451889946101	2.761840505269803
7.504465540791311	4.475163762056316
2.549282485937523	10.26595015194135
7.924555837624312	3.663285765027238
2.7035852324548957	7.257508346151784
1.5512637076058546	8.658081458848287
3.404093473049401	9.434751418226204
9.227385074675908	5.794939556600918
1.2014304077893927	2.6615757724984492
1.7098087033025107	8.619810760182688
6.878750961868415	0.7085264670379404
5.187807494718988	4.928715261743978
6.744715361215552	5.341138489087007
0.8697641689555624	8.720109053709583
6.040616641683977	7.2807585228298155
3.6977184856408174	6.380425430159782
1.9076845443001222	1.7031415268538663
9.681154277738631	5.612914340624624
3.273196544860001	8.048856075728018
4.973611393017025	3.8913860914939375
1.6526808318384032	6.450970926244005
3.018371872832699	7.7524291786341815
1.801000688561334	2.532955849406714
8.408263061481247	5.905608072123836
0.7658591539767248	8.133892992957055
2.748051989202205	1.4191463303940377
5.631998093070726	2.8023203959459315
7.181906158705791	4.983912203999892
5.338341656321646	6.746073801443869
3.0678869288061366	3.2866157077298954
3.7085448903057956	1.3857856125581547
7.720121354329698	5.721174697687509
5.292731654710245	7.047177679706865
2.2510195005402345	2.3990078187987516
6.971973556861428	2.939284726579818
9.185839919379376	8.441896833366052
6.081800987338907	0.645816807354328
7.127723166111163	3.734690907112382
2.0129524529081984	2.260137398523111
8.433604065199845	6.032039868362182
2.4784902224708634	7.981482967394157
2.3366831271728845	8.5650599633524
1.5709877544887088	2.4840594172787784
7.394855602909586	7.00743815151374
2.4629516671376384	6.553285747653743
7.315604690695529	2.5877814068361444
6.171947952744952	7.524365065651364
1.063409259323358	8.598134267854755
7.5288377574636804	4.263787101802075
7.165620889179714	3.7753565923042105
2.639209903807116	7.57006455285377
0.4561304942484551	6.72553351716108
4.34513465784253	4.549014687783773
8.65260422874147	4.883090898679308
1.0693529880564432	3.926033306403659
2.5683281011362133	8.801009470548927
7.2776514650055155	6.261090952376989
2.2943999301627738	2.3974932036253698
8.751234066363216	4.397761236289846
3.2394569690634336	4.617801737482038
1.5799439754894902	7.798040388373863
2.8942425706214876	8.868868887855834
1.0800710649032448	2.8716938762216997
9.524609736413225	3.6552305512052485
6.703681538398078	6.699540935395282
2.5516860031547384	6.8559087179312606
6.217926219185259	5.7675818578259985
2.383327500895126	1.9008146814361
4.6593446425475635	0.6786592797284186
4.518710156057196	2.107711875985698
1.424936106042547	7.4510589611195375
3.7760167868675083	0.8874188424698365
-0.3183808690997364	2.8481776339916403
1.6603057814775104	2.3502587551547687
2.102984791000309	8.982648370702519
3.100482479014003	7.7723468223314285
2.5038290602572215	0.32484864677048253
8.139168715228363	5.68462445513277
2.7159372811135203	0.9581066091050837
2.627911669660385	2.1319312867436278
11.133277219404736	4.3233993340476
1.6428916551402906	8.440588777795027
1.1075023824661883	1.14859164935501
4.0895583690541555	1.4919794667015573
6.90338197360153	3.7518576905633276
2.497915419003288	8.152277884739702
3.3692350390901185	1.2237272720829107
2.8775650979865635	7.375912717500839
1.2664083432781696	8.554029706312102
3.1462637463080383	2.732305526195881
2.548130834770423	7.693525472839231
1.7721121667673523	8.81783639414819
12.060198298414463	5.338154016666751
5.4793981983619355	8.628745012424377
8.334779402797041	4.673989162835673
7.004021246581288	4.086590382097849
6.028596236974294	8.67959653820969
8.094201339856152	8.244914993277757
2.492858872336976	10.008709199386661
6.237256503083167	6.637509020968353
9.02835699161317	2.018978334927921
7.308948974302874	9.436108329988933
0.49656806329067604	6.6497368728498465
1.3486776398890017	8.395494668066478
5.717553133705642	4.722982306887619
4.499965738334926	4.797938702342005
5.628062084112714	7.477122184641592
6.233157604422609	6.2189342010963955
2.9553620508100846	2.024725796464958
0.964872366312714	4.114881667673485
0.46652319386033786	8.196817446423058
5.421870957659202	6.612117051819046
2.4437611220585644	6.314727991695925
1.6257372503024672	8.841137455479464
3.390852906858794	6.904608623607288
1.5327938570677546	3.2159373396388213
4.821854282702208	6.799501694067337
2.012402478269971	8.286755904081971
6.293422438021626	6.39611567248723
7.909475497248611	6.465638633907708
3.6153525590718347	8.591515631495767
0.7554392393003245	9.609788046511703
2.0246160901293124	9.024630964324436
0.5516770299272047	9.004706728410955
1.6216492465881738	2.4997682026150065
7.017084920773263	1.6396700549881338
1.952292573983335	1.3686579060552229
2.2120651176046597	7.961134295126531
1.9100907620003469	1.1138970602737264
8.061724541997933	4.159340083983353
3.4964487271552	0.2632570998861783
2.9785780154890436	0.900579786628518
1.540407876420296	8.472141815492124
5.629800276479657	4.561981046385499
5.3247541635544815	4.695893212278892
8.469659894559987	6.338850442477427
5.218505347638972	6.530108659103759
7.384523863500728	6.65527991520573
2.3414460643881156	7.99331823184803
2.9785334073294245	1.3854462543254606
1.4010936375252514	2.9709905238330587
4.5565887563676695	8.619220750822933
2.012112217350204	2.196586470122442
1.563950157233747	3.4572765783520194
10.851256314788511	4.375551606294472
5.784103602614746	6.467438543009156
0.5034627376515401	2.207517655325503
2.013296336754111	8.501964735153928
7.207890015727653	7.2109472547691205
9.119649945167096	3.738580677776315
5.242633853304794	8.428860863714354
0.2892807137019618	7.4830817191761465
2.433478709455415	6.334676141148668
0.8671868668373641	3.120911802653399
7.2914213715336285	7.4230416170815205
6.964729244268726	9.033718294735936
7.360785625716735	6.782415386227254
9.08731713861648	4.672294618785068
2.571865698065709	7.3085431314617155
7.7688712077138415	2.7582182906762034
2.4505108456178366	3.074978210547992
0.24241956273251236	3.190856149074499
3.7546291501481215	6.248130297636328
-0.3616026794275645	3.1970759906522686
2.05244368756389	9.003130415321545
10.681261222002023	6.3484674452084855
2.370813130751073	8.633963076114682
3.830417656578481	6.810826566875319
8.566353525107461	1.6357843956706848
